{"default_fov": 47.3, "default_transition_sec": 2.0, "keyframes": [{"matrix": [0.2921013358249277, 0.8727356424590853, -0.3911640423029966, -0.1305872201919554, -0.9324023783327355, 0.1688441293557561, -0.319558233912937, 0.10277845859527608, -0.21284410841917, 0.4580656703613844, 0.8630603844156121, 0.05204670429229734, 0.0, 0.0, 0.0, 1.0], "fov": 47.3, "aspect": 1.7777777777777777, "override_transition_enabled": false, "override_transition_sec": null}, {"matrix": [0.6870468724501588, 0.635318444379287, -0.35261461865319466, -0.1304413557052614, -0.6989626101801871, 0.44526453772031377, -0.5596344887681733, -0.10859211683273336, -0.1985393276571542, 0.6309595594649452, 0.74998144623267, 0.047705066204069994, 0.0, 0.0, 0.0, 1.0], "fov": 47.3, "aspect": 1.7777777777777777, "override_transition_enabled": false, "override_transition_sec": null}, {"matrix": [0.794074807404199, 0.5132169826088812, -0.32565860806651475, -0.1646910905838011, -0.5871512646777907, 0.5091513349062725, -0.629299857421271, -0.20183806419372527, -0.15715785896115908, 0.6909220266607486, 0.7056402485982133, 0.018777179718017074, 0.0, 0.0, 0.0, 1.0], "fov": 47.3, "aspect": 1.7777777777777777, "override_transition_enabled": false, "override_transition_sec": null}, {"matrix": [0.8884860235995222, 0.35739507465201, -0.2878564685442963, -0.17519228458404582, -0.4493723909120014, 0.5504033030347901, -0.7036481068648053, -0.3507151842117314, -0.09304321659498166, 0.7545362579908783, 0.6496291212859704, -0.029012107849120332, 0.0, 0.0, 0.0, 1.0], "fov": 47.3, "aspect": 1.7777777777777777, "override_transition_enabled": false, "override_transition_sec": null}, {"matrix": [0.9374481391459719, 0.24594964132157687, -0.2463732135308997, -0.14174891710281373, -0.3445482096041442, 0.5543120520902942, -0.7576441646089712, -0.45716066360473623, -0.04977466896256895, 0.7951395618639755, 0.604380310308362, -0.06779146790504466, 0.0, 0.0, 0.0, 1.0], "fov": 47.3, "aspect": 1.7777777777777777, "override_transition_enabled": false, "override_transition_sec": null}, {"matrix": [0.9842640715955088, 0.07837333858176737, -0.15837252654983736, -0.04210369288921321, -0.17584475889004425, 0.5226966422465006, -0.834186334672977, -0.6952183723449691, 0.01740281980408602, 0.8489086169805213, 0.5282530661331604, -0.12158693075180164, 0.0, 0.0, 0.0, 1.0], "fov": 47.3, "aspect": 1.7777777777777777, "override_transition_enabled": false, "override_transition_sec": null}, {"matrix": [0.9957185721074353, -0.006782336284552805, -0.09218744532122206, 0.052342486381530905, -0.0774319259616347, 0.4834957404571487, -0.8719152285639157, -0.830957889556885, 0.05048585942818035, 0.8753204378250953, 0.4809005189469869, -0.18287338018417326, 0.0, 0.0, 0.0, 1.0], "fov": 47.3, "aspect": 1.7777777777777777, "override_transition_enabled": false, "override_transition_sec": null}, {"matrix": [0.9965755514583715, -0.08057980452942923, -0.01854899828674107, 0.1730995655059819, 0.018323678058254605, 0.4339650217930245, -0.9007433611648756, -0.9675056457519536, 0.0806313404195911, 0.8973189260024437, 0.433955449303222, -0.22344205379486085, 0.0, 0.0, 0.0, 1.0], "fov": 47.3, "aspect": 1.7777777777777777, "override_transition_enabled": false, "override_transition_sec": null}, {"matrix": [0.9928623579637166, -0.11575688266134129, 0.028717281474003153, 0.2368189096450816, 0.07301126387443463, 0.39952714706371073, -0.9138092876014063, -0.9999999046325682, 0.09430638094098584, 0.9093835290325312, 0.40512702160946157, -0.24128923416137726, 0.0, 0.0, 0.0, 1.0], "fov": 47.3, "aspect": 1.7777777777777777, "override_transition_enabled": false, "override_transition_sec": null}, {"matrix": [0.9621802907245153, -0.18012549100825737, 0.20436216780588665, 0.2640018463134767, 0.2534822805636405, 0.31722259723906104, -0.913847119184145, -0.7535553455352743, 0.0997788634007373, 0.9310878751707269, 0.35088395108428416, -0.1646510601043703, 0.0, 0.0, 0.0, 1.0], "fov": 47.3, "aspect": 1.7777777777777777, "override_transition_enabled": false, "override_transition_sec": null}, {"matrix": [0.9438320069756563, -0.20037945136502247, 0.26273412050770517, 0.24933223724365355, 0.31648666805610115, 0.31970960751679967, -0.8930968345057557, -0.6480624198913576, 0.09495963116531161, 0.9260852241193067, 0.36516958542140593, -0.13284927606582558, 0.0, 0.0, 0.0, 1.0], "fov": 47.3, "aspect": 1.7777777777777777, "override_transition_enabled": false, "override_transition_sec": null}, {"matrix": [0.9020185883174624, -0.23449496992703406, 0.3624563082754825, 0.2272883892059312, 0.42726357200740633, 0.3649156110381614, -0.8272136585285069, -0.49854722023010123, 0.06171147677089012, 0.9010264734732075, 0.42935182279244044, -0.1027050852775562, 0.0, 0.0, 0.0, 1.0], "fov": 47.3, "aspect": 1.7777777777777777, "override_transition_enabled": false, "override_transition_sec": null}, {"matrix": [0.8387985083924696, -0.32704337241715975, 0.43526968063096155, 0.2337859392166141, 0.5438253480843707, 0.465251698698736, -0.6984231150519389, -0.31144449710845673, 0.025904692615072722, 0.8225469527120939, 0.5681069067390108, -0.06797043085098614, 0.0, 0.0, 0.0, 1.0], "fov": 47.3, "aspect": 1.7777777777777777, "override_transition_enabled": false, "override_transition_sec": null}, {"matrix": [0.6769330480897959, -0.5882797551652365, 0.44236701738102924, 0.21523118019103865, 0.7338696055019808, 0.4932675499302775, -0.4670358940233058, -0.04597154557704784, 0.056542466555902754, 0.6407917398410431, 0.7656297379460021, 0.02617593407630569, 0.0, 0.0, 0.0, 1.0], "fov": 47.3, "aspect": 1.7777777777777777, "override_transition_enabled": false, "override_transition_sec": null}, {"matrix": [-0.5170707258856992, -0.8114373800407795, 0.27241006351563457, 0.14178371429443257, 0.8517084025783792, -0.45614323785674626, 0.2579266243235651, 0.29266164302825737, -0.08503329588709266, 0.3653802469074097, 0.9269663498533582, 0.08440182209014604, 0.0, 0.0, 0.0, 1.0], "fov": 47.3, "aspect": 1.7777777777777777, "override_transition_enabled": false, "override_transition_sec": null}, {"matrix": [-0.7938281332915645, -0.5656592357740747, 0.22330813639077374, 0.1256600022315992, 0.5947211139648984, -0.6453609007724186, 0.47939138953319077, 0.44742250442504783, -0.12705782698905665, 0.5133604355009284, 0.8487151299836219, 0.10953068733215257, 0.0, 0.0, 0.0, 1.0], "fov": 47.3, "aspect": 1.7777777777777777, "override_transition_enabled": false, "override_transition_sec": null}, {"matrix": [-0.949779278113675, -0.2968994307693321, 0.09884356769518984, 0.06370862722397436, 0.2873216810518948, -0.7023035298886964, 0.6513186650967334, 0.6041640281677241, -0.12395795441753729, 0.6470088715888863, 0.7523389831863664, 0.130125749111174, 0.0, 0.0, 0.0, 1.0], "fov": 47.3, "aspect": 1.7777777777777777, "override_transition_enabled": false, "override_transition_sec": null}, {"matrix": [-0.9953526121290248, -0.09624657550666818, -0.0031263766832840684, -0.03732581436633166, 0.06319257407830256, -0.6773270808904239, 0.7329629759229418, 0.7456858634948775, -0.07266275599841232, 0.7293590488886087, 0.6802613480824993, 0.0942514598369668, 0.0, 0.0, 0.0, 1.0], "fov": 47.3, "aspect": 1.7777777777777777, "override_transition_enabled": false, "override_transition_sec": null}, {"matrix": [-0.9807262852616845, 0.06694581439468536, -0.18355983038739798, -0.1557125926017729, -0.18557158088600909, -0.6131663754662199, 0.7678477611903852, 0.8229722023010305, -0.061148522175808635, 0.7871119703909043, 0.6137716222692794, 0.08095716834068564, 0.0, 0.0, 0.0, 1.0], "fov": 47.3, "aspect": 1.7777777777777777, "override_transition_enabled": false, "override_transition_sec": null}, {"matrix": [-0.9075540740007595, 0.13986254011698368, -0.3959596856204546, -0.21379053592681632, -0.399270237078408, -0.5795393700837491, 0.7104346530866039, 0.7125106811523404, -0.13011103161521706, 0.8028527812712345, 0.5818062659142367, 0.0654580831527687, 0.0, 0.0, 0.0, 1.0], "fov": 47.3, "aspect": 1.7777777777777777, "override_transition_enabled": false, "override_transition_sec": null}, {"matrix": [-0.8715007925032333, 0.1894592603141782, -0.4523179825603242, -0.25471301078795316, -0.47386319420935524, -0.5628106836402815, 0.677272328944618, 0.6258068561553893, -0.12625387851446077, 0.8045802154301113, 0.5802677270868092, 0.07744762897490516, 0.0, 0.0, 0.0, 1.0], "fov": 47.3, "aspect": 1.7777777777777777, "override_transition_enabled": false, "override_transition_sec": null}, {"matrix": [-0.7723899229345155, 0.36038890110078664, -0.5230044425361806, -0.24402806758879833, -0.6227106171957624, -0.591839424195922, 0.5118179199667715, 0.5077498435974136, -0.12508115038200707, 0.7210034229674692, 0.6815488022792693, 0.07871904373168366, 0.0, 0.0, 0.0, 1.0], "fov": 47.3, "aspect": 1.7777777777777777, "override_transition_enabled": false, "override_transition_sec": null}, {"matrix": [-0.602353382461084, 0.5688819887200516, -0.559949716981454, -0.2147351980209308, -0.7853460348991681, -0.5478812240185437, 0.2881974493920748, 0.3656454563140941, -0.14283559817442604, 0.6133509984322695, 0.7767873226413341, 0.05457084178924552, 0.0, 0.0, 0.0, 1.0], "fov": 47.3, "aspect": 1.7777777777777777, "override_transition_enabled": false, "override_transition_sec": null}, {"matrix": [-0.43581520356952375, 0.7238089534583949, -0.5349445833272057, -0.18748562335967595, -0.8877615431934687, -0.44352819773567465, 0.12313480515311429, 0.2559910774230972, -0.1481369324793979, 0.5285672489918454, 0.8358660852844713, 0.0612941920757222, 0.0, 0.0, 0.0, 1.0], "fov": 47.3, "aspect": 1.7777777777777777, "override_transition_enabled": false, "override_transition_sec": null}, {"matrix": [0.1653662347228224, 0.9043667947988931, -0.3934141696466634, -0.14333205223083353, -0.9657521895860544, 0.06761909278493505, -0.2505002327357895, 0.1447960853576657, -0.19994178333539658, 0.4213648760351527, 0.8845761270351703, 0.04791292548178628, 0.0, 0.0, 0.0, 1.0], "fov": 47.3, "aspect": 1.7777777777777777, "override_transition_enabled": false, "override_transition_sec": null}], "camera_type": "perspective", "render_height": 1080.0, "render_width": 1920.0, "fps": 30.0, "seconds": 48.0, "is_cycle": false, "smoothness_value": 0.0, "camera_path": [{"camera_to_world": [0.2921013358249277, 0.8727356424590853, -0.3911640423029966, -0.1305872201919554, -0.9324023783327355, 0.1688441293557561, -0.319558233912937, 0.10277845859527608, -0.21284410841917, 0.4580656703613844, 0.8630603844156121, 0.05204670429229734, 0.0, 0.0, 0.0, 1.0], "fov": 47.3, "aspect": 1.7777777777777777}, {"camera_to_world": [0.3030108700378219, 0.8687557568874397, -0.3917241982745693, -0.13051254392349043, -0.9287275222264341, 0.17704071250147135, -0.3257633735951907, 0.09812912496641574, -0.21365767502729827, 0.46251488731921186, 0.8604826418412088, 0.052007465646512485, 0.0, 0.0, 0.0, 1.0], "fov": 47.3, "aspect": 1.7777777777777777}, {"camera_to_world": [0.31380073475596293, 0.8647008187568198, -0.39220095985081815, -0.13043798809713775, -0.9249639752774165, 0.18512127418644075, -0.3319213133900671, 0.09348166934373221, -0.2144078900265015, 0.4669289109541985, 0.8579082986016103, 0.05196817178207408, 0.0, 0.0, 0.0, 1.0], "fov": 47.3, "aspect": 1.7777777777777777}, {"camera_to_world": [0.3244683104997761, 0.8605745993922462, -0.3925960702328739, -0.13036367315500963, -0.9211156818920798, 0.19308447770889126, -0.33803000612426887, 0.0888379697334023, -0.2150958299314737, 0.471306421926075, 0.8553385532041281, 0.05192876748032858, 0.0, 0.0, 0.0, 1.0], "fov": 47.3, "aspect": 1.7777777777777777}, {"camera_to_world": [0.3350110735025693, 0.8563809129831961, -0.3929113290663987, -0.13028971953921836, -0.9171866411747456, 0.20092907491448753, -0.344087448339222, 0.08419990414160285, -0.215722613282068, 0.475646127632798, 0.8527745982302003, 0.05188919752262244, 0.0, 0.0, 0.0, 1.0], "fov": 47.3, "aspect": 1.7777777777777777}, {"camera_to_world": [0.34542659619371174, 0.8521236133676285, -0.39314859046335493, -0.13021624769187626, -0.9131809034318573, 0.20865390589030208, -0.35009168108382394, 0.07956935057451067, -0.21628939929964974, 0.4799467627748074, 0.8502176195848798, 0.051849406690302136, 0.0, 0.0, 0.0, 1.0], "fov": 47.3, "aspect": 1.7777777777777777}, {"camera_to_world": [0.35571254752167536, 0.847806590826829, -0.3933097609851931, -0.13014337805509554, -0.909102566676702, 0.21625789852883448, -0.35604079062057603, 0.07494818703830256, -0.21679738650978342, 0.4842070898639157, 0.8476687957734704, 0.051809339764714066, 0.0, 0.0, 0.0, 1.0], "fov": 47.3, "aspect": 1.7777777777777777}, {"camera_to_world": [0.3658666931170318, 0.8434337688954682, -0.39339679759041424, -0.1300712310709886, -0.9049557731395049, 0.22374006796313162, -0.3619329090443888, 0.07033829153915536, -0.217247811333252, 0.48842589967633665, 0.8451292972062161, 0.05176894152720474, 0.0, 0.0, 0.0, 1.0], "fov": 47.3, "aspect": 1.7777777777777777}, {"camera_to_world": [0.37588689529573505, 0.8390091011911618, -0.3934117055494565, -0.12999992718166767, -0.9007447057876374, 0.2310995158742194, -0.3677662148134928, 0.06574154208324585, -0.21764194664741388, 0.49260201164946604, 0.8426002855318907, 0.05172815675912058, 0.0, 0.0, 0.0, 1.0], "fov": 47.3, "aspect": 1.7777777777777777}, {"camera_to_world": [0.38577111290324484, 0.8345365682676767, -0.3933565363298306, -0.129929586829245, -0.8964735848605464, 0.238335429672222, -0.3735389331920279, 0.06115981667675089, -0.21798110031989673, 0.49673427422211036, 0.8400829130010683, 0.05168693024180806, 0.0, 0.0, 0.0, 1.0], "fov": 47.3, "aspect": 1.7777777777777777}, {"camera_to_world": [0.39551740100026, 0.8300201744958154, -0.3932333854544087, -0.12986033045583295, -0.8921466644238921, 0.24544708155268768, -0.3792493366040229, 0.05659499332584726, -0.21826661371662553, 0.5008215651179614, 0.8375783218597965, 0.051645206756613604, 0.0, 0.0, 0.0, 1.0], "fov": 47.3, "aspect": 1.7777777777777777}, {"camera_to_world": [0.4051239103910568, 0.825463944975839, -0.3930443903357274, -0.12979227850354375, -0.8877682289472217, 0.2524338274297986, -0.38489574489860967, 0.052048950036711804, -0.21849986018616124, 0.5048627915721927, 0.835087643774329, 0.05160293108488369, 0.0, 0.0, 0.0, 1.0], "fov": 47.3, "aspect": 1.7777777777777777}, {"camera_to_world": [0.4145888869956197, 0.8208719224851636, -0.3927917280891297, -0.1297255514144897, -0.8833425899093624, 0.2592951057482673, -0.39047652552645823, 0.047523564815521314, -0.2186822435223153, 0.5088568905011569, 0.8326119992875075, 0.05156004800796478, 0.0, 0.0, 0.0, 1.0], "fov": 47.3, "aspect": 1.7777777777777777}, {"camera_to_world": [0.4239106710669698, 0.81624816446488, -0.3924776133275193, -0.1296602696307831, -0.878874082435549, 0.2660304361758654, -0.39599009362754406, 0.04302071566845263, -0.21881519640697614, 0.5128028286152421, 0.830152497307322, 0.051516502307203296, 0.0, 0.0, 0.0, 1.0], "fov": 47.3, "aspect": 1.7777777777777777}, {"camera_to_world": [0.4330876962552731, 0.8115967400484988, -0.39210429594044227, -0.1295965535945362, -0.8743670619701317, 0.27263941817864157, -0.4014349120304959, 0.038542280601682535, -0.21890017883505816, 0.5166996024750372, 0.8277102346281083, 0.05147223876394571, 0.0, 0.0, 0.0, 1.0], "fov": 47.3, "aspect": 1.7777777777777777}, {"camera_to_world": [0.4421184885205215, 0.8069217271361244, -0.39167405886014894, -0.12953452374786137, -0.8698259009885201, 0.2791217294810213, -0.4068094911639021, 0.034090137621387885, -0.21893867652344765, 0.5205462384910465, 0.8252862954847752, 0.051427202159538485, 0.0, 0.0, 0.0, 1.0], "fov": 47.3, "aspect": 1.7777777777777777}, {"camera_to_world": [0.4510016648957328, 0.8022272095170976, -0.39118921581721544, -0.12947430053287082, -0.8652549857518367, 0.28547712441306583, -0.4121123888800672, 0.02966616473374547, -0.21893219930578034, 0.5243417928672649, 0.8228817511403909, 0.05138133727532805, 0.0, 0.0, 0.0, 1.0], "fov": 47.3, "aspect": 1.7777777777777777}, {"camera_to_world": [0.4597359321028147, 0.7975172740439392, -0.39065210908822745, -0.12941600439167683, -0.8606587131075486, 0.29170543214729383, -0.41734221019185075, 0.025272239944932114, -0.2188822795148444, 0.5280853514890229, 0.8204976595073874, 0.05133458889266088, 0.0, 0.0, 0.0, 1.0], "fov": 47.3, "aspect": 1.7777777777777777}, {"camera_to_world": [0.46832008502338096, 0.7927960078602443, -0.3900651072379493, -0.12935975576639175, -0.8560414873391449, 0.2978065548275388, -0.42249760692332594, 0.020910241261124615, -0.21879047035435126, 0.5317760297555841, 0.8181350648025728, 0.05128690179288342, 0.0, 0.0, 0.0, 1.0], "fov": 47.3, "aspect": 1.7777777777777777}, {"camera_to_world": [0.47675300502698437, 0.788067495684958, -0.38943060285830045, -0.1293056750991278, -0.8514077170677072, 0.30378046559242566, -0.4275772772751197, 0.016582046688499837, -0.21865834426176267, 0.535412972358056, 0.8157949972360803, 0.05123822075734212, 0.0, 0.0, 0.0, 1.0], "fov": 47.3, "aspect": 1.7777777777777777}, {"camera_to_world": [0.48503365815936295, 0.7833358171552716, -0.3887510103063777, -0.12925388283199735, -0.8467618122080101, 0.3096272064961012, -0.43257996530540777, 0.01228953423323455, -0.21848749126380973, 0.5389953530032553, 0.8134784727343084, 0.051188490567383435, 0.0, 0.0, 0.0, 1.0], "fov": 47.3, "aspect": 1.7777777777777777}, {"camera_to_world": [0.49316109319345514, 0.7786050442301482, -0.38802876344364645, -0.1292044994071126, -0.8421081809815458, 0.315346886328953, -0.43750446032764795, 0.008034581901505583, -0.2182795173262676, 0.5425223740842431, 0.8111864926968448, 0.05113765600435384, 0.0, 0.0, 0.0, 1.0], "fov": 47.3, "aspect": 1.7777777777777777}, {"camera_to_world": [0.5011344395460549, 0.7738792386562781, -0.3872663133783278, -0.1291576452665859, -0.8374512269886554, 0.3209396783410824, -0.44234959622624104, 0.0038190676994897554, -0.2180360426994979, 0.5459932662983147, 0.8089200437872958, 0.05108566184959976, 0.0, 0.0, 0.0, 1.0], "fov": 47.3, "aspect": 1.7777777777777777}, {"camera_to_world": [0.5089529050631213, 0.769162449498034, -0.38646612621288534, -0.1291134408525295, -0.8327953463416862, 0.32640581787138234, -0.4471142506914144, -0.0003551303666361187, -0.2177587002611846, 0.5494072882133058, 0.806680097757879, 0.05103245288446765, 0.0, 0.0, 0.0, 1.0], "fov": 47.3, "aspect": 1.7777777777777777}, {"camera_to_world": [0.516615773676854, 0.7644587107327796, -0.38563068079840596, -0.1290720066070557, -0.8281449248608796, 0.33174559988508934, -0.4517973443747209, -0.004486134290695235, -0.21744913385763026, 0.5527637257831401, 0.8044676113075702, 0.05097797389030397, 0.0, 0.0, 0.0, 1.0], "fov": 47.3, "aspect": 1.7777777777777777}, {"camera_to_world": [0.5241224029377778, 0.7597720389126343, -0.38476246649753704, -0.12903346297227677, -0.8235043353344162, 0.33695937642274437, -0.4563978399666423, -0.008572066066510753, -0.21710899664489075, 0.5560618918136128, 0.802283525973527, 0.050922169648455196, 0.0, 0.0, 0.0, 1.0], "fov": 47.3, "aspect": 1.7777777777777777}, {"camera_to_world": [0.5314722214251648, 0.7551064308935826, -0.383863980957521, -0.12899793039030505, -0.8188779348438138, 0.342047553963515, -0.4609147411978784, -0.012611047687905854, -0.21673994943095182, 0.5593011253794612, 0.800128768055453, 0.05086498494026774, 0.0, 0.0, 0.0, 1.0], "fov": 47.3, "aspect": 1.7777777777777777}, {"camera_to_world": [0.5386647260392207, 0.7504658616325657, -0.38293772789473496, -0.12896552930325275, -0.8142700621556098, 0.34701059070585805, -0.4653470917659965, -0.016601201148703747, -0.21634365902006608, 0.5624807911938524, 0.7980042485724917, 0.05080636454708809, 0.0, 0.0, 0.0, 1.0], "fov": 47.3, "aspect": 1.7777777777777777}, {"camera_to_world": [0.5456994791785486, 0.7458542820529616, -0.38198621489200635, -0.1289363801532322, -0.8096850351800017, 0.35184899376852263, -0.46969397418919234, -0.020540648442727627, -0.2159217965602832, 0.5656002789314547, 0.7959108632521862, 0.0507462532502627, 0.0, 0.0, 0.0, 1.0], "fov": 47.3, "aspect": 1.7777777777777777}, {"camera_to_world": [0.5525761058064895, 0.7412756169786044, -0.3810119512098336, -0.1289106033823557, -0.8051271484968473, 0.35656331631491595, -0.4739545085890048, -0.02442751156380065, -0.2154760358951105, 0.5686590025063339, 0.7938494925509686, 0.05068459583113798, 0.0, 0.0, 0.0, 1.0], "fov": 47.3, "aspect": 1.7777777777777777}, {"camera_to_world": [0.559294290409998, 0.7367337631362662, -0.3800174456125047, -0.12888831943273552, -0.8006006709491785, 0.36115415460383904, -0.4781278514039016, -0.028259912505745978, -0.21500805192015937, 0.5716563993059663, 0.7918210017055847, 0.050621337071060424, 0.0, 0.0, 0.0, 1.0], "fov": 47.3, "aspect": 1.7777777777777777}, {"camera_to_world": [0.5658537738547833, 0.7322325872262662, -0.37900520420995304, -0.12886964874648393, -0.7961098433040997, 0.3656221449696189, -0.48221319403572593, -0.03203597326238682, -0.21451951894552973, 0.5745919293827084, 0.7898262408147979, 0.05055642175137649, 0.0, 0.0, 0.0, 1.0], "fov": 47.3, "aspect": 1.7777777777777777}, {"camera_to_world": [0.5722543501405116, 0.7277759240606283, -0.3779777283160468, -0.12885471176571323, -0.7916588759806749, 0.369967960734649, -0.4862097614310718, -0.0357538158275464, -0.2140121090645929, 0.5774650746041217, 0.7878660449506509, 0.0504897946534326, 0.0, 0.0, 0.0, 1.0], "fov": 47.3, "aspect": 1.7777777777777777}, {"camera_to_world": [0.5784958630599021, 0.723367574767963, -0.37693751232385253, -0.12884362893253573, -0.7872519468441445, 0.3741923090573416, -0.49011681059971746, -0.039411562195047836, -0.21348749052973415, 0.5802753377635917, 0.7859412342985105, 0.050421400558575226, 0.0, 0.0, 0.0, 1.0], "fov": 47.3, "aspect": 1.7777777777777777}, {"camera_to_world": [0.5845782027656119, 0.7190113050639964, -0.3758870415982653, -0.1288365206890637, -0.7828931990655312, 0.3782959277184788, -0.4939336290723218, -0.04300733435871436, -0.21294732613551576, 0.5830222416527386, 0.7840526143250529, 0.050351184248150826, 0.0, 0.0, 0.0, 1.0], "fov": 47.3, "aspect": 1.7777777777777777}, {"camera_to_world": [0.590501302248841, 0.7147108435864218, -0.37482879038623507, -0.1288335074774094, -0.7785867390454224, 0.3822795818489349, -0.49765953329964335, -0.04653925431236915, -0.21239327160962107, 0.5857053280971488, 0.7822009759732935, 0.05027909050350584, 0.0, 0.0, 0.0, 1.0], "fov": 47.3, "aspect": 1.7777777777777777}, {"camera_to_world": [0.5962651337336202, 0.7104698802925039, -0.37376521974467236, -0.12883470973968517, -0.7743366344004498, 0.3861440606017063, -0.5012938669956077, -0.050005444049835354, -0.21182697401183892, 0.5883241569570139, 0.7803870958837074, 0.05020506410598673, 0.0, 0.0, 0.0, 1.0], "fov": 47.3, "aspect": 1.7777777777777777}, {"camera_to_world": [0.6018697049907826, 0.7062920649176102, -0.3726987754859498, -0.12884024791800325, -0.7701469120107073, 0.3898901737711696, -0.5048359994266046, -0.053404025564936175, -0.21125007014124314, 0.5908783050942935, 0.7786117366404225, 0.050129049836939964, 0.0, 0.0, 0.0, 1.0], "fov": 47.3, "aspect": 1.7777777777777777}, {"camera_to_world": [0.6073150555756552, 0.702181005492601, -0.3716318861407599, -0.12885024245447593, -0.7660215561260726, 0.39351874836245865, -0.5082853236494579, -0.0567331208514948, -0.2106641849516169, 0.5933673653080728, 0.7768756470414213, 0.05005099247771196, 0.0, 0.0, 0.0, 1.0], "fov": 47.3, "aspect": 1.7777777777777777}, {"camera_to_world": [0.6126012529935132, 0.6981402669177609, -0.3705669609379326, -0.12886481379121553, -0.7619645065291333, 0.3970306251138032, -0.511641254700554, -0.05999085190333442, -0.21007092997507304, 0.5957909452398051, 0.7751795623916227, 0.0499708368096492, 0.0, 0.0, 0.0, 1.0], "fov": 47.3, "aspect": 1.7777777777777777}, {"camera_to_world": [0.6177283887968891, 0.6941733695907042, -0.3695063878006536, -0.1288840823703343, -0.7579796567521342, 0.40042665497466023, -0.5149032277386899, -0.0631753407142782, -0.20947190175371075, 0.598148666250199, 0.773524204817659, 0.04988852761409813, 0.0, 0.0, 0.0, 1.0], "fov": 47.3, "aspect": 1.7777777777777777}, {"camera_to_world": [0.622696574618812, 0.6902837880854579, -0.36845253135836764, -0.12890816863394458, -0.7540708523451131, 0.40370769554240177, -0.5180706961442214, -0.06628470927814936, -0.20886868027905225, 0.6004401622695088, 0.7719102836031224, 0.04980400967240521, 0.0, 0.0, 0.0, 1.0], "fov": 47.3, "aspect": 1.7777777777777777}, {"camera_to_world": [0.6275059381461292, 0.686474949879645, -0.3674077309734859, -0.1289371930241586, -0.7502418891920828, 0.4068746074603277, -0.5211431295771813, -0.06931707958877104, -0.20826282743889005, 0.6026650786230634, 0.7703384955429762, 0.049717227765916874, 0.0, 0.0, 0.0, 1.0], "fov": 47.3, "aspect": 1.7777777777777777}, {"camera_to_world": [0.6321566190370029, 0.682750234126506, -0.3663742987818699, -0.1289712759830887, -0.7464965118719075, 0.40992825077968303, -0.5241200119970468, -0.07227057363996646, -0.20765588547108593, 0.6048230708338684, 0.7688095253158019, 0.049628126675979586, 0.0, 0.0, 0.0, 1.0], "fov": 47.3, "aspect": 1.7777777777777777}, {"camera_to_world": [0.6366487647867847, 0.6791129704681901, -0.36535451774589095, -0.1290105379528471, -0.742838412060186, 0.4128694812883772, -0.5270008396469287, -0.07514331342555877, -0.20704937542374485, 0.6069138034041882, 0.767324045872472, 0.04953665118393982, 0.0, 0.0, 0.0, 1.0], "fov": 47.3, "aspect": 1.7777777777777777}, {"camera_to_world": [0.6409825265463936, 0.6755664378865751, -0.3643506397187276, -0.1290550993755461, -0.739271226968264, 0.41569914680900966, -0.5297851190049594, -0.0779334209393712, -0.20644479562110374, 0.6089369485780163, 0.7658827188398071, 0.049442746071143996, 0.0, 0.0, 0.0, 1.0], "fov": 47.3, "aspect": 1.7777777777777777}, {"camera_to_world": [0.6451580548974302, 0.6721138635875863, -0.3633648835183884, -0.12910508069329807, -0.7357985378151726, 0.41841808346882603, -0.5324723647057457, -0.08063901817522687, -0.2058436201343597, 0.6108921850864046, 0.7644861949377108, 0.04934635611893858, 0.0, 0.0, 0.0, 1.0], "fov": 47.3, "aspect": 1.7777777777777777}, {"camera_to_world": [0.6491754955882265, 0.668758421914779, -0.36239943300981436, -0.1291606023482152, -0.732423868328068, 0.4210271119441573, -0.5350620974347844, -0.08325822712694904, -0.20524729725657598, 0.6127791968776488, 0.7631351144082248, 0.04924742610867004, 0.0, 0.0, 0.0, 1.0], "fov": 47.3, "aspect": 1.7777777777777777}, {"camera_to_world": [0.6530349852350668, 0.6655032332877285, -0.3614564351932545, -0.1292217847824098, -0.7291506832664972, 0.4235270336818755, -0.5375538417987837, -0.08578916978836079, -0.20465724798070645, 0.614597671834356, 0.7618301074549054, 0.04914590082168482, 0.0, 0.0, 0.0, 1.0], "fov": 47.3, "aspect": 1.7777777777777777}, {"camera_to_world": [0.6567366469928813, 0.6623513631604965, -0.3605379982969615, -0.1292887484379942, -0.7259823869655158, 0.4259186271003969, -0.539947124174919, -0.08822996815328542, -0.20407486447968032, 0.6163473004794824, 0.7605717946908462, 0.04904172503932936, 0.0, 0.0, 0.0, 1.0], "fov": 47.3, "aspect": 1.7777777777777777}, {"camera_to_world": [0.6602805861996768, 0.6593058209952939, -0.3596461898721197, -0.12936161375708063, -0.7229223218925117, 0.42820264377269607, -0.5422414705420577, -0.09057874421554604, -0.20350150858740812, 0.6180277746734326, 0.7593607875936537, 0.048934843542950135, 0.0, 0.0, 0.0, 1.0], "fov": 47.3, "aspect": 1.7777777777777777}, {"camera_to_world": [0.6636668859990817, 0.6563695592461646, -0.3587830348877685, -0.12944050118178144, -0.7199737672122705, 0.43037980459382286, -0.5444364042970992, -0.09283361996896586, -0.20293851027947699, 0.619638786304391, 0.7581976889655943, 0.04882520111389358, 0.0, 0.0, 0.0, 1.0], "fov": 47.3, "aspect": 1.7777777777777777}, {"camera_to_world": [0.6668956029453984, 0.6535454723473322, -0.3579505138233441, -0.12952553115420887, -0.7171399373546075, 0.4324507959353956, -0.546531444059601, -0.09499271740736806, -0.20238716615221242, 0.6211800259740694, 0.7570830933971061, 0.04871274253350616, 0.0, 0.0, 0.0, 1.0], "fov": 47.3, "aspect": 1.7777777777777777}, {"camera_to_world": [0.669966762595572, 0.6508363957006633, -0.3571505607563541, -0.12961682411647518, -0.7144239805786898, 0.434416265789497, -0.5485261014679328, -0.09705415852457583, -0.2018487378987255, 0.6226511816811069, 0.7560175877318019, 0.048597412583134325, 0.0, 0.0, 0.0, 1.0], "fov": 47.3, "aspect": 1.7777777777777777}, {"camera_to_world": [0.6728803550926243, 0.6482451046564272, -0.3563850614425381, -0.12971450051069275, -0.7118289775278687, 0.4362768199044793, -0.5504198789702853, -0.09901606531441233, -0.20132445078045758, 0.6240519375044135, 0.7550017515310377, 0.04847915604412454, 0.0, 0.0, 0.0, 1.0], "fov": 47.3, "aspect": 1.7777777777777777}, {"camera_to_world": [0.6756363307450892, 0.6457743134813977, -0.3556558513857772, -0.1298186807789738, -0.7093579397686928, 0.43803301791512317, -0.5522122676138999, -0.1008765597707008, -0.2008154920926873, 0.6253819722887759, 0.7540361575360778, 0.04835791769782323, 0.0, 0.0, 0.0, 1.0], "fov": 47.3, "aspect": 1.7777777777777777}, {"camera_to_world": [0.6782345956071559, 0.6434266743080612, -0.3549647138948684, -0.1299294853634306, -0.7070138083074688, 0.4396853694696874, -0.5539027448360174, -0.10263376388726435, -0.20032300962237826, 0.626640958335132, 0.7531213721258082, 0.04823364232557688, 0.0, 0.0, 0.0, 1.0], "fov": 47.3, "aspect": 1.7777777777777777}, {"camera_to_world": [0.6806750070641757, 0.6412047760586261, -0.35431337812421293, -0.13004703470617548, -0.7047994520776524, 0.4412343303563203, -0.5554907722600354, -0.10428579965792621, -0.19984811009670653, 0.6278285600979113, 0.7522579557679387, 0.048106274708731925, 0.0, 0.0, 0.0, 1.0], "fov": 47.3, "aspect": 1.7777777777777777}, {"camera_to_world": [0.6829573694285151, 0.6391111433371354, -0.35370351709529596, -0.13017144924932073, -0.7027176663909379, 0.44268029863149716, -0.5569757935005822, -0.10583078907650956, -0.19939185762050876, 0.6289444328919912, 0.7514464634615127, 0.047975759628634825, 0.0, 0.0, 0.0, 1.0], "fov": 47.3, "aspect": 1.7777777777777777}, {"camera_to_world": [0.6850814295505757, 0.6371482352830506, -0.35313674569581965, -0.1303028494349786, -0.7007711713449689, 0.44402361075301733, -0.5583572319811513, -0.10726685413683754, -0.19895527210089148, 0.6299882216117595, 0.7506874451685687, 0.04784204186663203, 0.0, 0.0, 0.0, 1.0], "fov": 47.3, "aspect": 1.7777777777777777}, {"camera_to_world": [0.6870468724501588, 0.635318444379287, -0.35261461865319466, -0.1304413557052614, -0.6989626101801871, 0.44526453772031377, -0.5596344887681733, -0.10859211683273336, -0.1985393276571542, 0.6309595594649452, 0.74998144623267, 0.047705066204069994, 0.0, 0.0, 0.0, 1.0], "fov": 47.3, "aspect": 1.7777777777777777}, {"camera_to_world": [0.6889473644785313, 0.6335345988721088, -0.35211566424974894, -0.13060392639885363, -0.697208131811111, 0.44646285245789336, -0.5608669559812041, -0.10987970476024975, -0.19812205812212402, 0.6319057155993428, 0.7492948796557576, 0.04755242551315332, 0.0, 0.0, 0.0, 1.0], "fov": 47.3, "aspect": 1.7777777777777777}, {"camera_to_world": [0.6908755613786509, 0.6317089671601156, -0.35161731968040777, -0.13080653611951423, -0.6954229516734481, 0.4476773013787807, -0.5621138248753552, -0.1112030751677577, -0.19768125094586772, 0.6328734586311173, 0.7485942214476174, 0.04737231168404669, 0.0, 0.0, 0.0, 1.0], "fov": 47.3, "aspect": 1.7777777777777777}, {"camera_to_world": [0.692829590876147, 0.629843059917768, -0.3511194638293551, -0.13104782970696705, -0.6936082633098732, 0.44890657301969733, -0.5633741791810954, -0.11256084452755769, -0.19721748166593256, 0.6338616635931963, 0.7478801082741895, 0.047165568025036596, 0.0, 0.0, 0.0, 1.0], "fov": 47.3, "aspect": 1.7777777777777777}, {"camera_to_world": [0.6948075914839622, 0.6279383999319128, -0.3506219854875111, -0.13132645200093604, -0.6917652728975667, 0.4501493681333021, -0.5646471053517796, -0.11395162931195031, -0.19673133463993583, 0.6348692087825158, 0.7471531768724883, 0.046933037844409595, 0.0, 0.0, 0.0, 1.0], "fov": 47.3, "aspect": 1.7777777777777777}, {"camera_to_world": [0.696807713298464, 0.6259965227102449, -0.35012478381635215, -0.1316410478411451, -0.6898951997121214, 0.4514044004187016, -0.5659316926068062, -0.11537404599323611, -0.1962234035530359, 0.6358949762636236, 0.7464140640828977, 0.04667556445045223, 0.0, 0.0, 0.0, 1.0], "fov": 47.3, "aspect": 1.7777777777777777}, {"camera_to_world": [0.6988281187694708, 0.6240189770445302, -0.3496277687847754, -0.13199026206731812, -0.6879992765525144, 0.45267039722287317, -0.5672270329782451, -0.11682671104371564, -0.19569429189513746, 0.6369378523579708, 0.7456634068755664, 0.04639399115145102, 0.0, 0.0, 0.0, 1.0], "fov": 47.3, "aspect": 1.7777777777777777}, {"camera_to_world": [0.700866983443643, 0.6220073255289351, -0.34913086157907824, -0.13237273951917902, -0.6860787501274959, 0.45394610021261644, -0.5685322213606282, -0.11830824093568951, -0.19514461340785547, 0.6379967281186468, 0.7449018423710605, 0.0460891612556925, 0.0, 0.0, 0.0, 1.0], "fov": 47.3, "aspect": 1.7777777777777777}, {"camera_to_world": [0.7029224966806561, 0.6199631450338405, -0.34863399498612024, -0.1327871250364517, -0.6841348814037738, 0.45523026601662364, -0.5698463555635663, -0.11981725214145819, -0.19457499250129104, 0.6390704997902682, 0.7441300078554415, 0.045761918071463216, 0.0, 0.0, 0.0, 1.0], "fov": 47.3, "aspect": 1.7777777777777777}, {"camera_to_world": [0.704992862341536, 0.6178880271355766, -0.3481371137497308, -0.13323206345886007, -0.6821689459164108, 0.45652166683724327, -0.5711685363668397, -0.1213523611333223, -0.19398606464068738, 0.6401580692537194, 0.7433485407899642, 0.04541310490704969, 0.0, 0.0, 0.0, 1.0], "fov": 47.3, "aspect": 1.7777777777777777}, {"camera_to_world": [0.7070762994484867, 0.6157835785025685, -0.3476401749004351, -0.133706199626128, -0.680182234041903, 0.45781909103147883, -0.5724978675775803, -0.12291218438358234, -0.1933784767030704, 0.641258344455401, 0.7425580788156024, 0.045043565070738464, 0.0, 0.0, 0.0, 1.0], "fov": 47.3, "aspect": 1.7777777777777777}, {"camera_to_world": [0.7091710428155241, 0.6136514212384175, -0.34714314805856683, -0.1342081783779795, -0.678176051234424, 0.4591213436607524, -0.5738334560891591, -0.12449533836453892, -0.19275288730399298, 0.6423702398206312, 0.7417592597526227, 0.04465414187081607, 0.0, 0.0, 0.0, 1.0], "fov": 47.3, "aspect": 1.7777777777777777}, {"camera_to_world": [0.7112753436491823, 0.6114931931825042, -0.3466460157108431, -0.1347366445541383, -0.6761517182257802, 0.460427247008939, -0.5751744119413644, -0.1261004395484926, -0.19210996709453318, 0.6434926766508178, 0.7409527215954492, 0.04424567861556904, 0.0, 0.0, 0.0, 1.0], "fov": 47.3, "aspect": 1.7777777777777777}, {"camera_to_world": [0.7133874701185532, 0.6093105481687161, -0.34614877346047196, -0.13529024299432849, -0.6741105711896219, 0.4617356410681744, -0.5765198483814445, -0.12772610440774387, -0.1914503990287098, 0.6446245835039964, 0.740139102503068, 0.04381901861328392, 0.0, 0.0, 0.0, 1.0], "fov": 47.3, "aspect": 1.7777777777777777}, {"camera_to_world": [0.7155057078938762, 0.6071051562429731, -0.3456514302508787, -0.13586761853827384, -0.6720539618705189, 0.46304538399190925, -0.5778688819255836, -0.12937094941459332, -0.19077487860151304, 0.6457648965583219, 0.7393190407852334, 0.043375005172247225, 0.0, 0.0, 0.0, 1.0], "fov": 47.3, "aspect": 1.7777777777777777}, {"camera_to_world": [0.7176283606528909, 0.6048787038402399, -0.3451540085631278, -0.1364674160256983, -0.6699832576785199, 0.4643553525146922, -0.5792206324203533, -0.13103359104134155, -0.1900841140577571, 0.646912559958073, 0.7384931748847584, 0.04291448160074551, 0.0, 0.0, 0.0, 1.0], "fov": 47.3, "aspect": 1.7777777777777777}, {"camera_to_world": [0.7197537505541365, 0.602632893921759, -0.3446565445871294, -0.13708828029632578, -0.6678998417498462, 0.46566444233813925, -0.5805742231036788, -0.13271264576028904, -0.18937882657199118, 0.6480665261417193, 0.7376621433561708, 0.0424382912070653, 0.0, 0.0, 0.0, 1.0], "fov": 47.3, "aspect": 1.7777777777777777}, {"camera_to_world": [0.7218802186763882, 0.6003694460732643, -0.34415908836671977, -0.13772885618988023, -0.6658051129743945, 0.46697156848256044, -0.5819287806648604, -0.1344067300437364, -0.1886597503997171, 0.6492257561516018, 0.7368265848410311, 0.041947277299493116, 0.0, 0.0, 0.0, 1.0], "fov": 47.3, "aspect": 1.7777777777777777}, {"camera_to_world": [0.7240061254233794, 0.5980900965649856, -0.3436617039187114, -0.13838778854608547, -0.6637004859907605, 0.46827566560368655, -0.5832834353031577, -0.13611446036398417, -0.18792763300019044, 0.6503892199247392, 0.7359871380402209, 0.04144228318631551, 0.0, 0.0, 0.0, 1.0], "fov": 47.3, "aspect": 1.7777777777777777}, {"camera_to_world": [0.7261298508929788, 0.5957965983742576, -0.3431644693260127, -0.13906372220466542, -0.6615873911494984, 0.46957568827396406, -0.5846373207844615, -0.13783445319333293, -0.18718323513108986, 0.6515558965642905, 0.7351444416835121, 0.04092415217581902, 0.0, 0.0, 0.0, 1.0], "fov": 47.3, "aspect": 1.7777777777777777}, {"camera_to_world": [0.728249795209988, 0.5934907211715797, -0.3426674768049179, -0.13975530200534406, -0.6594672744453555, 0.47087061122787444, -0.5859895744955728, -0.1395653250040832, -0.1864273309153593, 0.652724774591195, 0.7342991344967313, 0.04039372757629016, 0.0, 0.0, 0.0, 1.0], "fov": 47.3, "aspect": 1.7777777777777777}, {"camera_to_world": [0.7303643788216856, 0.5911742512710236, -0.34217083274668203, -0.14046117278784523, -0.6573415974192609, 0.4721594295707262, -0.5873393374955749, -0.14130569226853557, -0.18566070788055178, 0.6538948521754786, 0.7334518551668551, 0.039851852696015475, 0.0, 0.0, 0.0, 1.0], "fov": 47.3, "aspect": 1.7777777777777777}, {"camera_to_world": [0.7324720427553056, 0.588848991545858, -0.3416746577334874, -0.1411799793918928, -0.655211837030825, 0.4734411589504023, -0.5886857545638351, -0.14305417145899052, -0.1848841669710024, 0.6550651373467573, 0.7326032423053508, 0.039299370843281514, 0.0, 0.0, 0.0, 1.0], "fov": 47.3, "aspect": 1.7777777777777777}, {"camera_to_world": [0.7345712488365825, 0.5865167613103237, -0.341179086528926, -0.1419103666572108, -0.653079485502156, 0.4747148356915182, -0.5900279742441149, -0.14480937904774868, -0.18409852253318798, 0.656234648183425, 0.7317539344101086, 0.03873712532637479, 0.0, 0.0, 0.0, 1.0], "fov": 47.3, "aspect": 1.7777777777777777}, {"camera_to_world": [0.7366604798685537, 0.5841793961684709, -0.34068426804311486, -0.142650979423523, -0.650946050133782, 0.4759795168914864, -0.591365148884321, -0.14656993150711056, -0.1833046022746289, 0.6574024129800469, 0.7309045698262887, 0.03816595945358185, 0.0, 0.0, 0.0, 1.0], "fov": 47.3, "aspect": 1.7777777777777777}, {"camera_to_world": [0.7387382397697682, 0.5818387478310245, -0.34019036527257773, -0.14340046253055336, -0.6488130530935077, 0.47723428047795874, -0.5926964346713809, -0.1483344453093768, -0.18250324719671626, 0.6585674703924501, 0.7300557867064296, 0.03758671653318922, 0.0, 0.0, 0.0, 1.0], "fov": 47.3, "aspect": 1.7777777777777777}, {"camera_to_world": [0.7408030536711279, 0.5794966839011882, -0.33969755521501493, -0.14415746081802586, -0.6466820311789897, 0.4784782252271749, -0.5940209916607904, -0.15010153692684788, -0.181695311501833, 0.6597288695600481, 0.7292082229701424, 0.03700023987348343, 0.0, 0.0, 0.0, 1.0], "fov": 47.3, "aspect": 1.7777777777777777}, {"camera_to_world": [0.7428534679705123, 0.5771550876304016, -0.33920602875911066, -0.14492061912566429, -0.6445545355549035, 0.47971047074269796, -0.5953379838003132, -0.15186982283182437, -0.18088166247518214, 0.6608856702048871, 0.7283625162637432, 0.03640737278275104, 0.0, 0.0, 0.0, 1.0], "fov": 47.3, "aspect": 1.7777777777777777}, {"camera_to_world": [0.7448880503444647, 0.5748158576449451, -0.3387159905494994, -0.14568858229319254, -0.6424321314654611, 0.48093015739410294, -0.5966465789473933, -0.15363791949660682, -0.180063180341698, 0.6620369427069684, 0.727519303920139, 0.03580895856927856, 0.0, 0.0, 0.0, 1.0